t0,b0,t1,b1,sec
229,N,0.658,N,466
466,N,0.667,N,706
706,N,0.661,N,944
944,N,0.678,N,1188
1188,N,0.672,N,1430
1430,N,0.669,N,1671
1671,N,0.642,N,1902
1902,N,0.675,N,2145
2145,N,0.689,N,2393
2393,N,0.675,N,2636
2636,N,0.658,N,2873
2873,N,0.667,N,3113
3113,N,0.669,N,3354
3354,N,0.667,N,3594
3594,N,0.683,N,3840
3840,N,0.678,N,4084
4084,N,0.667,N,4324
4324,N,0.658,N,4561
4561,N,0.681,N,4806
4806,N,0.703,N,5059
5059,N,0.675,N,5302
5302,N,0.669,N,5543
5543,N,0.667,N,5783
5783,N,0.669,N,6024
6024,N,0.672,N,6266
6266,N,0.686,N,6513
6513,N,0.667,N,6753
6753,N,0.661,N,6991
6991,N,0.658,N,7228
7228,N,0.675,N,7471
7471,N,0.661,N,7709
7709,N,0.664,N,7948
7948,N,0.647,N,8181
8181,N,0.664,N,8420
8420,N,0.650,N,8654
8654,N,0.681,N,8899
8899,N,0.669,N,9140
9140,N,0.653,N,9375
9375,N,0.656,N,9611
9611,N,0.667,N,9851
9851,N,0.683,N,10097
10097,N,0.669,N,10338
10338,N,0.658,N,10575
10575,N,0.653,N,10810
10810,N,0.650,N,11044
11044,N,0.653,N,11279
11279,N,0.669,N,11520
11520,N,0.686,N,11767
11767,N,0.647,N,12000
12000,N,0.658,N,12237
12237,N,0.661,N,12475
12475,N,0.686,N,12722
12722,N,0.664,N,12961
12961,N,0.672,N,13203
13203,N,0.664,N,13442
13442,N,0.678,N,13686
13686,N,0.664,N,13925
13925,N,0.681,N,14170
14170,N,0.694,N,14420
14420,N,0.675,N,14663
14663,N,0.664,N,14902
14902,N,0.678,N,15146
15146,N,0.689,N,15394
15394,N,0.683,N,15640
15640,N,0.658,N,15877
15877,N,0.669,N,16118
16118,N,0.664,N,16357
16357,N,0.669,N,16598
16598,N,0.681,N,16843
16843,N,0.681,N,17088
17088,N,0.661,N,17326
17326,N,0.656,N,17562
17562,N,0.672,N,17804
17804,N,0.683,N,18050
18050,N,0.675,N,18293
18293,N,0.661,N,18531
18531,N,0.664,N,18770
18770,N,0.664,N,19009
19009,N,0.672,N,19251
19251,N,0.692,N,19500
19500,N,0.661,N,19738
19738,N,0.675,N,19981
19981,N,0.658,N,20218
20218,N,0.683,N,20464
20464,N,0.681,N,20709
20709,N,0.678,N,20953
20953,N,0.664,N,21192
21192,N,0.675,N,21435
21435,N,0.667,N,21675
21675,N,0.700,N,21927
21927,N,0.692,N,22176
22176,N,0.678,N,22420
22420,N,0.664,N,22659
22659,N,0.675,N,22902
22902,N,0.689,N,23150
23150,N,0.675,N,23393
23393,N,0.661,N,23631
23631,N,0.667,N,23871
23871,N,0.664,N,24110
24110,N,0.656,N,24346
24346,N,0.675,N,24589
24589,N,0.683,N,24835
24835,N,0.653,N,25070
25070,N,0.656,N,25306
25306,N,0.667,N,25546
25546,N,0.681,N,25791
25791,N,0.658,N,26028
26028,N,0.664,N,26267
26267,N,0.658,N,26504
26504,N,0.669,N,26745
26745,N,0.664,N,26984
26984,N,0.672,N,27226
27226,N,0.669,N,27467
27467,N,0.661,N,27705
27705,N,0.667,N,27945
27945,N,0.681,N,28190
28190,N,0.692,N,28439
28439,N,0.667,N,28679
28679,N,0.650,N,28913
28913,N,0.658,N,29150
29150,N,0.672,N,29392
29392,N,0.672,N,29634
29634,N,0.669,N,29875
29875,N,0.667,N,30115
30115,N,0.661,N,30353
30353,N,0.672,N,30595
30595,N,0.681,N,30840
30840,N,0.686,N,31087
31087,N,0.678,N,31331
31331,N,0.656,N,31567
31567,N,0.658,N,31804
31804,N,0.661,N,32042
32042,N,0.675,N,32285
32285,N,0.678,N,32529
32529,N,0.667,N,32769
32769,N,0.667,N,33009
33009,N,0.647,N,33242
33242,N,0.669,N,33483
33483,N,0.672,N,33725
33725,N,0.664,N,33964
33964,N,0.650,N,34198
34198,N,0.653,N,34433
34433,N,0.656,N,34669
34669,N,0.672,N,34911
34911,N,0.678,N,35155
35155,N,0.667,N,35395
35395,N,0.664,N,35634
35634,N,0.656,N,35870
35870,N,0.672,N,36112
36112,N,0.672,N,36354
36354,N,0.667,N,36594
36594,N,0.650,N,36828
36828,N,0.653,N,37063
37063,N,0.658,N,37300
37300,N,0.667,N,37540
37540,N,0.672,N,37782
37782,N,0.650,N,38016
38016,N,0.664,N,38255
38255,N,0.644,N,38487
38487,N,0.672,N,38729
38729,N,0.658,N,38966
38966,N,0.664,N,39205
39205,N,0.647,N,39438
39438,N,0.647,N,39671
39671,N,0.656,N,39907
39907,N,0.672,N,40149
40149,N,0.664,N,40388
40388,N,0.658,N,40625
40625,N,0.656,N,40861
40861,N,0.653,N,41096
41096,N,0.661,N,41334
41334,N,0.661,N,41572
41572,N,0.667,N,41812
41812,N,0.639,N,42042
42042,N,0.639,N,42272
42272,N,0.653,N,42507
42507,N,0.658,N,42744
42744,N,0.664,N,42983
42983,N,0.650,N,43217
43217,N,0.658,N,43454
43454,N,0.647,N,43687
43687,N,0.669,N,43928
43928,N,0.672,N,44170
44170,N,0.672,N,44412
44412,N,0.653,N,44647
44647,N,0.669,N,44888
44888,N,0.664,N,45127
45127,N,0.683,N,45373
45373,N,0.683,N,45619
45619,N,0.664,N,45858
45858,N,0.669,N,46099
46099,N,0.669,N,46340
46340,N,0.683,N,46586
46586,N,0.669,N,46827
46827,N,0.667,N,47067
47067,N,0.664,N,47306
47306,N,0.661,N,47544
47544,N,0.664,N,47783
47783,N,0.667,N,48023
48023,N,0.681,N,48268
48268,N,0.658,N,48505
48505,N,0.669,N,48746
48746,N,0.675,N,48989
48989,N,0.694,N,49239
49239,N,0.658,N,49476
49476,N,0.664,N,49715
49715,N,0.658,N,49952
49952,N,0.681,N,50197
50197,N,0.661,N,50435
50435,N,0.681,N,50680
50680,N,0.661,N,50918
50918,N,0.669,N,51159
51159,N,0.650,N,51393
51393,N,0.672,N,51635
51635,N,0.678,N,51879
51879,N,0.667,N,52119
52119,N,0.650,N,52353
52353,N,0.658,N,52590
52590,N,0.667,N,52830
52830,N,0.681,N,53075
53075,N,0.686,N,53322
53322,N,0.678,N,53566
53566,N,0.669,N,53807
53807,N,0.653,N,54042
54042,N,0.667,N,54282
54282,N,0.689,N,54530
54530,N,0.667,N,54770
54770,N,0.650,N,55004
55004,N,0.647,N,55237
55237,N,0.664,N,55476
55476,N,0.664,N,55715
55715,N,0.672,N,55957
55957,N,0.664,N,56196
56196,N,0.669,N,56437
56437,N,0.658,N,56674
56674,N,0.681,N,56919
56919,N,0.678,N,57163
57163,N,0.675,N,57406
57406,N,0.664,N,57645
57645,N,0.672,N,57887
57887,N,0.661,N,58125
58125,N,0.678,N,58369
58369,N,0.672,N,58611
58611,N,0.658,N,58848
58848,N,0.658,N,59085
59085,N,0.661,N,59323
59323,N,0.667,N,59563
59563,N,0.664,N,59802
59802,N,0.653,N,60037
60037,N,0.650,N,60271
60271,N,0.656,N,60507
60507,N,0.656,N,60743
60743,N,0.672,N,60985
60985,N,0.672,N,61227
61227,N,0.653,N,61462
61462,N,0.661,N,61700
61700,N,0.658,N,61937
61937,N,0.694,N,62187
62187,N,0.667,N,62427
62427,N,0.667,N,62667
62667,N,0.647,N,62900
62900,N,0.656,N,63136
63136,N,0.653,N,63371
63371,N,0.672,N,63613
63613,N,0.672,N,63855
63855,N,0.647,N,64088
64088,N,0.650,N,64322
64322,N,0.667,N,64562
64562,N,0.686,N,64809
64809,N,0.667,N,65049
65049,N,0.664,N,65288
65288,N,0.664,N,65527
65527,N,0.664,N,65766
65766,N,0.667,N,66006
66006,N,0.669,N,66247
66247,N,0.681,N,66492
66492,N,0.653,N,66727
66727,N,0.656,N,66963
66963,N,0.653,N,67198
67198,N,0.681,N,67443
67443,N,0.656,N,67679
67679,N,0.650,N,67913
67913,N,0.642,N,68144
68144,N,0.653,N,68379
68379,N,0.642,N,68610
68610,N,0.664,N,68849
68849,N,0.672,N,69091
69091,N,0.656,N,69327
69327,N,0.647,N,69560
69560,N,0.653,N,69795
69795,N,0.683,N,70041
70041,N,0.667,N,70281
70281,N,0.661,N,70519
70519,N,0.658,N,70756
70756,N,0.653,N,70991
70991,N,0.647,N,71224
71224,N,0.664,N,71463
71463,N,0.681,N,71708
71708,N,0.650,N,71942
71942,N,0.644,N,72174
72174,N,0.647,N,72407
72407,N,0.669,N,72648
72648,N,0.656,N,72884
72884,N,0.661,N,73122
73122,N,0.650,N,73356
73356,N,0.658,N,73593
73593,N,0.656,N,73829
73829,N,0.664,N,74068
74068,N,0.675,N,74311
74311,N,0.653,N,74546
74546,N,0.658,N,74783
74783,N,0.664,N,75022
75022,N,0.689,N,75270
75270,N,0.661,N,75508
75508,N,0.658,N,75745
75745,N,0.658,N,75982
75982,N,0.669,N,76223
76223,N,0.672,N,76465
76465,N,0.678,N,76709
76709,N,0.686,N,76956
76956,N,0.672,N,77198
77198,N,0.658,N,77435
77435,N,0.675,N,77678
77678,N,0.700,N,77930
77930,N,0.672,N,78172
78172,N,0.667,N,78412
78412,N,0.667,N,78652
78652,N,0.675,N,78895
78895,N,0.669,N,79136
79136,N,0.675,N,79379
79379,N,0.681,N,79624
79624,N,0.675,N,79867
79867,N,0.658,N,80104
80104,N,0.678,N,80348
80348,N,0.689,N,80596
80596,N,0.678,N,80840
80840,N,0.658,N,81077
81077,N,0.675,N,81320
81320,N,0.681,N,81565
81565,N,0.686,N,81812
81812,N,0.692,N,82061
82061,N,0.667,N,82301
82301,N,0.669,N,82542
82542,N,0.669,N,82783
82783,N,0.706,N,83037
83037,N,0.678,N,83281
83281,N,0.678,N,83525
83525,N,0.661,N,83763
83763,N,0.658,N,84000
84000,N,0.658,N,84237
84237,N,0.669,N,84478
84478,N,0.689,N,84726
84726,N,0.664,N,84965
84965,N,0.658,N,85202
85202,N,0.675,N,85445
85445,N,0.689,N,85693
85693,N,0.669,N,85934
85934,N,0.664,N,86173
86173,N,0.667,N,86413
86413,N,0.678,N,86657
86657,N,0.661,N,86895
86895,N,0.675,N,87138
87138,N,0.675,N,87381
87381,N,0.681,N,87626
87626,N,0.650,N,87860
87860,N,0.669,N,88101
88101,N,0.678,N,88345
88345,N,0.667,N,88585
88585,N,0.644,N,88817
88817,N,0.467,V,88985
88985,V,0.853,N,89292
89292,N,0.667,N,89532
89532,N,0.664,N,89771
89771,N,0.664,N,90010
90010,N,0.656,N,90246
90246,N,0.642,N,90477
90477,N,0.667,N,90717
90717,N,0.675,N,90960
90960,N,0.656,N,91196
91196,N,0.636,N,91425
91425,N,0.644,N,91657
91657,N,0.669,N,91898
91898,N,0.669,N,92139
92139,N,0.667,N,92379
92379,N,0.658,N,92616
92616,N,0.653,N,92851
92851,N,0.656,N,93087
93087,N,0.678,N,93331
93331,N,0.678,N,93575
93575,N,0.653,N,93810
93810,N,0.642,N,94041
94041,N,0.647,N,94274
94274,N,0.656,N,94510
94510,N,0.656,N,94746
94746,N,0.661,N,94984
94984,N,0.642,N,95215
95215,N,0.656,N,95451
95451,N,0.642,N,95682
95682,N,0.678,N,95926
95926,N,0.667,N,96166
96166,N,0.661,N,96404
96404,N,0.644,N,96636
96636,N,0.647,N,96869
96869,N,0.653,N,97104
97104,N,0.656,N,97340
97340,N,0.661,N,97578
97578,N,0.650,N,97812
97812,N,0.642,N,98043
98043,N,0.628,N,98269
98269,N,0.647,N,98502
98502,N,0.664,N,98741
98741,N,0.639,N,98971
98971,N,0.631,N,99198
99198,N,0.631,N,99425
99425,N,0.650,N,99659
99659,N,0.625,N,99884
99884,N,0.650,N,100118
100118,N,0.642,N,100349
100349,N,0.636,N,100578
100578,N,0.622,N,100802
100802,N,0.636,N,101031
101031,N,0.653,N,101266
101266,N,0.631,N,101493
101493,N,0.625,N,101718
101718,N,0.619,N,101941
101941,N,0.617,N,102163
102163,N,0.611,N,102383
102383,N,0.622,N,102607
102607,N,0.619,N,102830
102830,N,0.611,N,103050
103050,N,0.608,N,103269
103269,N,0.603,N,103486
103486,N,0.622,N,103710
103710,N,0.633,N,103938
103938,N,0.606,N,104156
104156,N,0.603,N,104373
104373,N,0.619,N,104596
104596,N,0.631,N,104823
104823,N,0.614,N,105044
105044,N,0.633,N,105272
105272,N,0.644,N,105504
105504,N,0.625,N,105729
105729,N,0.631,N,105956
105956,N,0.625,N,106181
106181,N,0.650,N,106415
106415,N,0.639,N,106645
106645,N,0.639,N,106875
106875,N,0.375,V,107010
107010,V,0.869,N,107323
107323,N,0.506,A,107505
107505,A,0.347,V,107630
107630,V,0.319,V,107745
107745,V,0.297,V,107852
107852,V,0.347,V,107977
107977,V,0.353,V,108104
108104,V,0.333,V,108224
108224,V,0.314,V,108337
108337,V,0.353,V,108464
108464,V,0.594,N,108678
108678,N,0.647,N,108911
108911,N,0.669,F,109152
109152,F,0.297,V,109259
109259,V,0.342,V,109382
109382,V,0.300,V,109490
109490,V,0.303,V,109599
109599,V,0.297,V,109706
109706,V,0.264,V,109801
109801,V,0.292,V,109906
109906,V,0.311,V,110018
110018,V,0.294,V,110124
110124,V,0.483,N,110298
110298,N,0.611,N,110518
110518,N,0.647,N,110751
110751,N,0.617,N,110973
110973,N,0.625,N,111198
111198,N,0.628,N,111424
111424,N,0.656,N,111660
111660,N,0.636,N,111889
111889,N,0.642,N,112120
112120,N,0.631,N,112347
112347,N,0.647,N,112580
112580,N,0.636,N,112809
112809,N,0.658,N,113046
113046,N,0.661,N,113284
113284,N,0.647,N,113517
113517,N,0.642,N,113748
113748,N,0.336,V,113869
113869,V,0.958,N,114214
114214,N,0.658,N,114451
114451,N,0.642,N,114682
114682,N,0.628,N,114908
114908,N,0.639,N,115138
115138,N,0.639,N,115368
115368,N,0.647,N,115601
115601,N,0.647,N,115834
115834,N,0.642,N,116065
116065,N,0.636,N,116294
116294,N,0.622,N,116518
116518,N,0.647,N,116751
116751,N,0.664,N,116990
116990,N,0.644,N,117222
117222,N,0.633,N,117450
117450,N,0.644,N,117682
117682,N,0.661,N,117920
117920,N,0.647,N,118153
118153,N,0.658,N,118390
118390,N,0.653,N,118625
118625,N,0.650,N,118859
118859,N,0.633,N,119087
119087,N,0.661,N,119325
119325,N,0.661,N,119563
119563,N,0.644,N,119795
119795,N,0.631,N,120022
120022,N,0.642,N,120253
120253,N,0.653,N,120488
120488,N,0.647,N,120721
120721,N,0.656,N,120957
120957,N,0.661,N,121195
121195,N,0.650,N,121429
121429,N,0.642,N,121660
121660,N,0.672,N,121902
121902,N,0.686,N,122149
122149,N,0.656,N,122385
122385,N,0.644,N,122617
122617,N,0.656,N,122853
122853,N,0.664,N,123092
123092,N,0.658,N,123329
123329,N,0.661,N,123567
123567,N,0.658,N,123804
123804,N,0.658,N,124041
124041,N,0.644,N,124273
124273,N,0.658,N,124510
124510,N,0.675,N,124753
124753,N,0.658,N,124990
124990,N,0.653,N,125225
125225,N,0.658,N,125462
125462,N,0.664,N,125701
125701,N,0.669,N,125942
125942,N,0.681,N,126187
126187,N,0.683,N,126433
126433,N,0.672,N,126675
126675,N,0.658,N,126912
126912,N,0.681,N,127157
127157,N,0.689,N,127405
127405,N,0.675,N,127648
127648,N,0.669,N,127889
127889,N,0.667,N,128129
128129,N,0.667,N,128369
128369,N,0.683,N,128615
128615,N,0.694,N,128865
128865,N,0.669,N,129106
129106,N,0.669,N,129347
129347,N,0.686,N,129594
129594,N,0.703,N,129847
129847,N,0.678,N,130091
130091,N,0.669,N,130332
130332,N,0.667,N,130572
130572,N,0.486,V,130747
130747,V,0.861,N,131057
131057,N,0.672,N,131299
131299,N,0.669,N,131540
131540,N,0.653,N,131775
131775,N,0.642,N,132006
132006,N,0.653,N,132241
132241,N,0.669,N,132482
132482,N,0.647,N,132715
132715,N,0.650,N,132949
132949,N,0.647,N,133182
133182,N,0.658,N,133419
133419,N,0.650,N,133653
133653,N,0.675,N,133896
133896,N,0.681,N,134141
134141,N,0.653,N,134376
134376,N,0.650,N,134610
134610,N,0.669,N,134851
134851,N,0.692,N,135100
135100,N,0.661,N,135338
135338,N,0.650,N,135572
135572,N,0.647,N,135805
135805,N,0.661,N,136043
136043,N,0.647,N,136276
136276,N,0.661,N,136514
136514,N,0.661,N,136752
136752,N,0.642,N,136983
136983,N,0.639,N,137213
137213,N,0.653,N,137448
137448,N,0.672,N,137690
137690,N,0.644,N,137922
137922,N,0.647,N,138155
138155,N,0.644,N,138387
138387,N,0.653,N,138622
138622,N,0.636,N,138851
138851,N,0.664,N,139090
139090,N,0.664,N,139329
139329,N,0.653,N,139564
139564,N,0.639,N,139794
139794,N,0.650,N,140028
140028,N,0.672,N,140270
140270,N,0.647,N,140503
140503,N,0.650,N,140737
140737,N,0.650,N,140971
140971,N,0.647,N,141204
141204,N,0.642,N,141435
141435,N,0.661,N,141673
141673,N,0.675,N,141916
141916,N,0.642,N,142147
142147,N,0.650,N,142381
142381,N,0.647,N,142614
142614,N,0.678,N,142858
142858,N,0.647,N,143091
143091,N,0.661,N,143329
143329,N,0.647,N,143562
143562,N,0.653,N,143797
143797,N,0.644,N,144029
144029,N,0.669,N,144270
144270,N,0.675,N,144513
144513,N,0.642,N,144744
144744,N,0.650,N,144978
144978,N,0.653,N,145213
145213,N,0.675,N,145456
145456,N,0.656,N,145692
145692,N,0.647,N,145925
145925,N,0.642,N,146156
146156,N,0.647,N,146389
146389,N,0.647,N,146622
146622,N,0.664,N,146861
146861,N,0.664,N,147100
147100,N,0.642,N,147331
147331,N,0.647,N,147564
147564,N,0.650,N,147798
147798,N,0.675,N,148041
148041,N,0.650,N,148275
148275,N,0.647,N,148508
148508,N,0.642,N,148739
148739,N,0.644,N,148971
148971,N,0.647,N,149204
149204,N,0.653,N,149439
149439,N,0.661,N,149677
149677,N,0.639,N,149907
149907,N,0.644,N,150139
150139,N,0.639,N,150369
150369,N,0.661,N,150607
150607,N,0.647,N,150840
150840,N,0.653,N,151075
151075,N,0.631,N,151302
151302,N,0.647,N,151535
151535,N,0.639,N,151765
151765,N,0.656,N,152001
152001,N,0.653,N,152236
152236,N,0.647,N,152469
152469,N,0.647,N,152702
152702,N,0.636,N,152931
152931,N,0.650,N,153165
153165,N,0.661,N,153403
153403,N,0.647,N,153636
153636,N,0.633,N,153864
153864,N,0.639,N,154094
154094,N,0.642,N,154325
154325,N,0.642,N,154556
154556,N,0.650,N,154790
154790,N,0.644,N,155022
155022,N,0.644,N,155254
155254,N,0.631,N,155481
155481,N,0.653,N,155716
155716,N,0.661,N,155954
155954,N,0.644,N,156186
156186,N,0.636,N,156415
156415,N,0.644,N,156647
156647,N,0.658,N,156884
156884,N,0.650,N,157118
157118,N,0.656,N,157354
157354,N,0.650,N,157588
157588,N,0.647,N,157821
157821,N,0.631,N,158048
158048,N,0.658,N,158285
158285,N,0.658,N,158522
158522,N,0.644,N,158754
158754,N,0.625,N,158979
158979,N,0.639,N,159209
159209,N,0.644,N,159441
159441,N,0.639,N,159671
159671,N,0.644,N,159903
159903,N,0.653,N,160138
160138,N,0.628,N,160364
160364,N,0.631,N,160591
160591,N,0.644,N,160823
160823,N,0.667,N,161063
161063,N,0.633,N,161291
161291,N,0.642,N,161522
161522,N,0.639,N,161752
161752,N,0.642,N,161983
161983,N,0.636,N,162212
162212,N,0.653,N,162447
162447,N,0.664,N,162686
162686,N,0.625,N,162911
162911,N,0.636,N,163140
163140,N,0.636,N,163369
163369,N,0.658,N,163606
163606,N,0.639,N,163836
163836,N,0.647,N,164069
164069,N,0.628,N,164295
164295,N,0.633,N,164523
164523,N,0.631,N,164750
164750,N,0.650,N,164984
164984,N,0.656,N,165220
165220,N,0.642,N,165451
165451,N,0.642,N,165682
165682,N,0.642,N,165913
165913,N,0.658,N,166150
166150,N,0.653,N,166385
166385,N,0.653,N,166620
166620,N,0.636,N,166849
166849,N,0.642,N,167080
167080,N,0.642,N,167311
167311,N,0.650,N,167545
167545,N,0.656,N,167781
167781,N,0.639,N,168011
168011,N,0.644,N,168243
168243,N,0.628,N,168469
168469,N,0.653,N,168704
168704,N,0.656,N,168940
168940,N,0.647,N,169173
169173,N,0.636,N,169402
169402,N,0.642,N,169633
169633,N,0.653,N,169868
169868,N,0.647,N,170101
170101,N,0.658,N,170338
170338,N,0.647,N,170571
170571,N,0.644,N,170803
170803,N,0.633,N,171031
171031,N,0.653,N,171266
171266,N,0.661,N,171504
171504,N,0.647,N,171737
171737,N,0.625,N,171962
171962,N,0.636,N,172191
172191,N,0.642,N,172422
172422,N,0.639,N,172652
172652,N,0.650,N,172886
172886,N,0.653,N,173121
173121,N,0.633,N,173349
173349,N,0.639,N,173579
173579,N,0.653,N,173814
173814,N,0.675,N,174057
174057,N,0.644,N,174289
174289,N,0.650,N,174523
174523,N,0.642,N,174754
174754,N,0.647,N,174987
174987,N,0.647,N,175220
175220,N,0.653,N,175455
175455,N,0.661,N,175693
175693,N,0.633,N,175921
175921,N,0.639,N,176151
176151,N,0.644,N,176383
176383,N,0.658,N,176620
176620,N,0.642,N,176851
176851,N,0.650,N,177085
177085,N,0.639,N,177315
177315,N,0.644,N,177547
177547,N,0.636,N,177776
177776,N,0.658,N,178013
178013,N,0.664,N,178252
178252,N,0.647,N,178485
178485,N,0.647,N,178718
178718,N,0.639,N,178948
178948,N,0.658,N,179185
179185,N,0.653,N,179420
179420,N,0.647,N,179653
179653,N,0.633,N,179881
179881,N,0.625,N,180106
180106,N,0.633,N,180334
180334,N,0.642,N,180565
180565,N,0.647,N,180798
180798,N,0.633,N,181026
181026,N,0.644,N,181258
181258,N,0.622,N,181482
181482,N,0.650,N,181716
181716,N,0.658,N,181953
181953,N,0.639,N,182183
182183,N,0.628,N,182409
182409,N,0.636,N,182638
182638,N,0.647,N,182871
182871,N,0.642,N,183102
183102,N,0.644,N,183334
183334,N,0.647,N,183567
183567,N,0.639,N,183797
183797,N,0.625,N,184022
184022,N,0.650,N,184256
184256,N,0.661,N,184494
184494,N,0.631,N,184721
184721,N,0.631,N,184948
184948,N,0.644,N,185180
185180,N,0.644,N,185412
185412,N,0.647,N,185645
185645,N,0.653,N,185880
185880,N,0.667,N,186120
186120,N,0.639,N,186350
186350,N,0.642,N,186581
186581,N,0.647,N,186814
186814,N,0.667,N,187054
187054,N,0.644,N,187286
187286,N,0.650,N,187520
187520,N,0.631,N,187747
187747,N,0.636,N,187976
187976,N,0.631,N,188203
188203,N,0.650,N,188437
188437,N,0.642,N,188668
188668,N,0.619,N,188891
188891,N,0.625,N,189116
189116,N,0.614,N,189337
189337,N,0.639,N,189567
189567,N,0.636,N,189796
189796,N,0.636,N,190025
190025,N,0.606,N,190243
190243,N,0.617,N,190465
190465,N,0.628,N,190691
190691,N,0.628,N,190917
190917,N,0.633,N,191145
191145,N,0.636,N,191374
191374,N,0.617,N,191596
191596,N,0.611,N,191816
191816,N,0.628,N,192042
192042,N,0.644,N,192274
192274,N,0.619,N,192497
192497,N,0.625,N,192722
192722,N,0.622,N,192946
192946,N,0.619,N,193169
193169,N,0.628,N,193395
193395,N,0.642,N,193626
193626,N,0.653,N,193861
193861,N,0.628,N,194087
194087,N,0.639,N,194317
194317,N,0.642,N,194548
194548,N,0.664,N,194787
194787,N,0.647,N,195020
195020,N,0.650,N,195254
195254,N,0.639,N,195484
195484,N,0.644,N,195716
195716,N,0.639,N,195946
195946,N,0.656,N,196182
196182,N,0.650,N,196416
196416,N,0.636,N,196645
196645,N,0.642,N,196876
196876,N,0.639,N,197106
197106,N,0.658,N,197343
197343,N,0.653,N,197578
197578,N,0.650,N,197812
197812,N,0.636,N,198041
198041,N,0.642,N,198272
198272,N,0.656,N,198508
198508,N,0.667,N,198748
198748,N,0.667,N,198988
198988,N,0.647,N,199221
199221,N,0.658,N,199458
199458,N,0.656,N,199694
199694,N,0.669,N,199935
199935,N,0.664,N,200174
200174,N,0.669,N,200415
200415,N,0.644,N,200647
200647,N,0.647,N,200880
200880,N,0.464,V,201047
201047,V,0.842,N,201350
201350,N,0.669,N,201591
201591,N,0.636,N,201820
201820,N,0.647,N,202053
202053,N,0.636,N,202282
202282,N,0.656,N,202518
202518,N,0.653,N,202753
202753,N,0.664,N,202992
202992,N,0.639,N,203222
203222,N,0.644,N,203454
203454,N,0.647,N,203687
203687,N,0.669,N,203928
203928,N,0.669,N,204169
204169,N,0.658,N,204406
204406,N,0.650,N,204640
204640,N,0.647,N,204873
204873,N,0.664,N,205112
205112,N,0.667,N,205352
205352,N,0.656,N,205588
205588,N,0.644,N,205820
205820,N,0.639,N,206050
206050,N,0.650,N,206284
206284,N,0.653,N,206519
206519,N,0.658,N,206756
206756,N,0.642,N,206987
206987,N,0.644,N,207219
207219,N,0.642,N,207450
207450,N,0.658,N,207687
207687,N,0.661,N,207925
207925,N,0.661,N,208163
208163,N,0.636,N,208392
208392,N,0.644,N,208624
208624,N,0.658,N,208861
208861,N,0.661,N,209099
209099,N,0.669,N,209340
209340,N,0.650,N,209574
209574,N,0.656,N,209810
209810,N,0.650,N,210044
210044,N,0.672,N,210286
210286,N,0.675,N,210529
210529,N,0.658,N,210766
210766,N,0.636,N,210995
210995,N,0.644,N,211227
211227,N,0.656,N,211463
211463,N,0.667,N,211703
211703,N,0.664,N,211942
211942,N,0.644,N,212174
212174,N,0.656,N,212410
212410,N,0.647,N,212643
212643,N,0.669,N,212884
212884,N,0.672,N,213126
213126,N,0.661,N,213364
213364,N,0.636,N,213593
213593,N,0.647,N,213826
213826,N,0.661,N,214064
214064,N,0.661,N,214302
214302,N,0.664,N,214541
214541,N,0.642,N,214772
214772,N,0.656,N,215008
215008,N,0.636,N,215237
215237,N,0.661,N,215475
215475,N,0.664,N,215714
215714,N,0.656,N,215950
215950,N,0.631,N,216177
216177,N,0.644,N,216409
216409,N,0.650,N,216643
216643,N,0.653,N,216878
216878,N,0.656,N,217114
217114,N,0.656,N,217350
217350,N,0.653,N,217585
217585,N,0.642,N,217816
217816,N,0.650,N,218050
218050,N,0.675,N,218293
218293,N,0.644,N,218525
218525,N,0.642,N,218756
218756,N,0.639,N,218986
218986,N,0.656,N,219222
219222,N,0.642,N,219453
219453,N,0.656,N,219689
219689,N,0.656,N,219925
219925,N,0.661,N,220163
220163,N,0.642,N,220394
220394,N,0.656,N,220630
220630,N,0.667,N,220870
220870,N,0.650,N,221104
221104,N,0.650,N,221338
221338,N,0.658,N,221575
221575,N,0.672,N,221817
221817,N,0.650,N,222051
222051,N,0.661,N,222289
222289,N,0.664,N,222528
222528,N,0.661,N,222766
222766,N,0.647,N,222999
222999,N,0.658,N,223236
223236,N,0.672,N,223478
223478,N,0.650,N,223712
223712,N,0.639,N,223942
223942,N,0.644,N,224174
224174,N,0.658,N,224411
224411,N,0.642,N,224642
224642,N,0.653,N,224877
224877,N,0.656,N,225113
225113,N,0.647,N,225346
225346,N,0.642,N,225577
225577,N,0.647,N,225810
225810,N,0.678,N,226054
226054,N,0.647,N,226287
226287,N,0.642,N,226518
226518,N,0.628,N,226744
226744,N,0.650,N,226978
226978,N,0.631,N,227205
227205,N,0.653,N,227440
227440,N,0.644,N,227672
227672,N,0.633,N,227900
227900,N,0.625,N,228125
228125,N,0.642,N,228356
228356,N,0.656,N,228592
228592,N,0.644,N,228824
228824,N,0.633,N,229052
229052,N,0.631,N,229279
229279,N,0.636,N,229508
229508,N,0.633,N,229736
229736,N,0.656,N,229972
229972,N,0.656,N,230208
230208,N,0.636,N,230437
230437,N,0.481,V,230610
230610,V,0.794,N,230896
230896,N,0.664,N,231135
231135,N,0.639,N,231365
231365,N,0.647,N,231598
231598,N,0.639,N,231828
231828,N,0.633,N,232056
232056,N,0.633,N,232284
232284,N,0.647,N,232517
232517,N,0.667,N,232757
232757,N,0.636,N,232986
232986,N,0.647,N,233219
233219,N,0.642,N,233450
233450,N,0.669,N,233691
233691,N,0.656,N,233927
233927,N,0.658,N,234164
234164,N,0.647,N,234397
234397,N,0.653,N,234632
234632,N,0.650,N,234866
234866,N,0.372,V,235000
235000,V,0.958,N,235345
235345,N,0.658,N,235582
235582,N,0.650,N,235816
235816,N,0.653,N,236051
236051,N,0.658,N,236288
236288,N,0.650,N,236522
236522,N,0.647,N,236755
236755,N,0.650,N,236989
236989,N,0.650,N,237223
237223,N,0.656,N,237459
237459,N,0.667,N,237699
237699,N,0.675,N,237942
237942,N,0.664,N,238181
238181,N,0.672,N,238423
238423,N,0.675,N,238666
238666,N,0.697,N,238917
238917,N,0.669,N,239158
239158,N,0.675,N,239401
239401,N,0.664,N,239640
239640,N,0.678,N,239884
239884,N,0.656,N,240120
240120,N,0.675,N,240363
240363,N,0.672,N,240605
240605,N,0.656,N,240841
240841,N,0.653,N,241076
241076,N,0.658,N,241313
241313,N,0.678,N,241557
241557,N,0.661,N,241795
241795,N,0.658,N,242032
242032,N,0.661,N,242270
242270,N,0.672,N,242512
242512,N,0.661,N,242750
242750,N,0.672,N,242992
242992,N,0.675,N,243235
243235,N,0.664,N,243474
243474,N,0.653,N,243709
243709,N,0.664,N,243948
243948,N,0.686,N,244195
244195,N,0.658,N,244432
244432,N,0.656,N,244668
244668,N,0.653,N,244903
244903,N,0.669,N,245144
245144,N,0.650,N,245378
245378,N,0.669,N,245619
245619,N,0.661,N,245857
245857,N,0.664,N,246096
246096,N,0.650,N,246330
246330,N,0.672,N,246572
246572,N,0.681,N,246817
246817,N,0.664,N,247056
247056,N,0.653,N,247291
247291,N,0.664,N,247530
247530,N,0.667,N,247770
247770,N,0.669,N,248011
248011,N,0.669,N,248252
248252,N,0.667,N,248492
248492,N,0.667,N,248732
248732,N,0.653,N,248967
248967,N,0.669,N,249208
249208,N,0.678,N,249452
249452,N,0.664,N,249691
249691,N,0.656,N,249927
249927,N,0.656,N,250163
250163,N,0.667,N,250403
250403,N,0.675,N,250646
250646,N,0.678,N,250890
250890,N,0.661,N,251128
251128,N,0.664,N,251367
251367,N,0.658,N,251604
251604,N,0.672,N,251846
251846,N,0.678,N,252090
252090,N,0.672,N,252332
252332,N,0.650,N,252566
252566,N,0.653,N,252801
252801,N,0.658,N,253038
253038,N,0.678,N,253282
253282,N,0.683,N,253528
253528,N,0.664,N,253767
253767,N,0.664,N,254006
254006,N,0.658,N,254243
254243,N,0.681,N,254488
254488,N,0.681,N,254733
254733,N,0.669,N,254974
254974,N,0.650,N,255208
255208,N,0.658,N,255445
255445,N,0.658,N,255682
255682,N,0.675,N,255925
255925,N,0.681,N,256170
256170,N,0.661,N,256408
256408,N,0.656,N,256644
256644,N,0.658,N,256881
256881,N,0.683,N,257127
257127,N,0.664,N,257366
257366,N,0.667,N,257606
257606,N,0.650,N,257840
257840,N,0.658,N,258077
258077,N,0.653,N,258312
258312,N,0.669,N,258553
258553,N,0.681,N,258798
258798,N,0.653,N,259033
259033,N,0.650,N,259267
259267,N,0.667,N,259507
259507,N,0.692,N,259756
259756,N,0.669,N,259997
259997,N,0.669,N,260238
260238,N,0.667,N,260478
260478,N,0.678,N,260722
260722,N,0.664,N,260961
260961,N,0.672,N,261203
261203,N,0.681,N,261448
261448,N,0.661,N,261686
261686,N,0.650,N,261920
261920,N,0.669,N,262161
262161,N,0.692,N,262410
262410,N,0.669,N,262651
262651,N,0.656,N,262887
262887,N,0.656,N,263123
263123,N,0.672,N,263365
263365,N,0.683,N,263611
263611,N,0.678,N,263855
263855,N,0.664,N,264094
264094,N,0.661,N,264332
264332,N,0.658,N,264569
264569,N,0.683,N,264815
264815,N,0.678,N,265059
265059,N,0.667,N,265299
265299,N,0.647,N,265532
265532,N,0.650,N,265766
265766,N,0.656,N,266002
266002,N,0.669,N,266243
266243,N,0.669,N,266484
266484,N,0.656,N,266720
266720,N,0.653,N,266955
266955,N,0.658,N,267192
267192,N,0.681,N,267437
267437,N,0.672,N,267679
267679,N,0.672,N,267921
267921,N,0.661,N,268159
268159,N,0.661,N,268397
268397,N,0.656,N,268633
268633,N,0.678,N,268877
268877,N,0.683,N,269123
269123,N,0.658,N,269360
269360,N,0.653,N,269595
269595,N,0.653,N,269830
269830,N,0.686,N,270077
270077,N,0.658,N,270314
270314,N,0.661,N,270552
270552,N,0.650,N,270786
270786,N,0.656,N,271022
271022,N,0.650,N,271256
271256,N,0.667,N,271496
271496,N,0.669,N,271737
271737,N,0.656,N,271973
271973,N,0.644,N,272205
272205,N,0.661,N,272443
272443,N,0.681,N,272688
272688,N,0.653,N,272923
272923,N,0.647,N,273156
273156,N,0.650,N,273390
273390,N,0.667,N,273630
273630,N,0.656,N,273866
273866,N,0.667,N,274106
274106,N,0.658,N,274343
274343,N,0.661,N,274581
274581,N,0.639,N,274811
274811,N,0.664,N,275050
275050,N,0.669,N,275291
275291,N,0.647,N,275524
275524,N,0.628,N,275750
275750,N,0.647,N,275983
275983,N,0.656,N,276219
276219,N,0.650,N,276453
276453,N,0.656,N,276689
276689,N,0.658,N,276926
276926,N,0.639,N,277156
277156,N,0.636,N,277385
277385,N,0.647,N,277618
277618,N,0.669,N,277859
277859,N,0.642,N,278090
278090,N,0.642,N,278321
278321,N,0.633,N,278549
278549,N,0.653,N,278784
278784,N,0.633,N,279012
279012,N,0.650,N,279246
279246,N,0.650,N,279480
279480,N,0.636,N,279709
279709,N,0.631,N,279936
279936,N,0.631,N,280163
280163,N,0.656,N,280399
280399,N,0.644,N,280631
280631,N,0.647,N,280864
280864,N,0.619,N,281087
281087,N,0.633,N,281315
281315,N,0.631,N,281542
281542,N,0.650,N,281776
281776,N,0.644,N,282008
282008,N,0.639,N,282238
282238,N,0.639,N,282468
282468,N,0.633,N,282696
282696,N,0.650,N,282930
282930,N,0.656,N,283166
283166,N,0.644,N,283398
283398,N,0.625,N,283623
283623,N,0.625,N,283848
283848,N,0.642,N,284079
284079,N,0.642,N,284310
284310,N,0.644,N,284542
284542,N,0.636,N,284771
284771,N,0.636,N,285000
285000,N,0.628,N,285226
285226,N,0.647,N,285459
285459,N,0.658,N,285696
285696,N,0.639,N,285926
285926,N,0.631,N,286153
286153,N,0.642,N,286384
286384,N,0.650,N,286618
286618,N,0.642,N,286849
286849,N,0.642,N,287080
287080,N,0.653,N,287315
287315,N,0.631,N,287542
287542,N,0.633,N,287770
287770,N,0.633,N,287998
287998,N,0.650,N,288232
288232,N,0.625,N,288457
288457,N,0.628,N,288683
288683,N,0.633,N,288911
288911,N,0.622,N,289135
289135,N,0.622,N,289359
289359,N,0.631,N,289586
289586,N,0.644,N,289818
289818,N,0.633,N,290046
290046,N,0.633,N,290274
290274,N,0.628,N,290500
290500,N,0.639,N,290730
290730,N,0.658,N,290967
290967,N,0.642,N,291198
291198,N,0.622,N,291422
291422,N,0.636,N,291651
291651,N,0.647,N,291884
291884,N,0.642,N,292115
292115,N,0.639,N,292345
292345,N,0.642,N,292576
292576,N,0.644,N,292808
292808,N,0.625,N,293033
293033,N,0.642,N,293264
293264,N,0.653,N,293499
293499,N,0.642,N,293730
293730,N,0.631,N,293957
293957,N,0.653,N,294192
294192,N,0.658,N,294429
294429,N,0.647,F,294662
294662,F,0.664,N,294901
294901,N,0.667,N,295141
295141,N,0.653,N,295376
295376,N,0.647,N,295609
295609,N,0.653,N,295844
295844,N,0.561,V,296046
296046,V,0.761,N,296320
296320,N,0.672,N,296562
296562,N,0.633,N,296790
296790,N,0.650,N,297024
297024,N,0.658,N,297261
297261,N,0.656,N,297497
297497,N,0.658,N,297734
297734,N,0.642,N,297965
297965,N,0.661,N,298203
298203,N,0.658,N,298440
298440,N,0.678,N,298684
298684,N,0.656,N,298920
298920,N,0.667,N,299160
299160,N,0.661,N,299398
299398,N,0.678,N,299642
299642,N,0.661,N,299880
299880,N,0.658,N,300117
300117,N,0.681,N,300362
300362,N,0.664,N,300601
300601,N,0.647,N,300834
300834,N,0.656,N,301070
301070,N,0.686,N,301317
301317,N,0.667,N,301557
301557,N,0.633,F,301785
301785,F,0.642,N,302016
302016,N,0.658,N,302253
302253,N,0.678,N,302497
302497,N,0.664,N,302736
302736,N,0.656,N,302972
302972,N,0.647,N,303205
303205,N,0.664,N,303444
303444,N,0.686,N,303691
303691,N,0.681,N,303936
303936,N,0.667,N,304176
304176,N,0.628,N,304402
304402,N,0.669,N,304643
304643,N,0.664,N,304882
304882,N,0.678,N,305126
305126,N,0.664,N,305365
305365,N,0.639,N,305595
305595,N,0.672,N,305837
305837,N,0.653,N,306072
306072,N,0.672,N,306314
306314,N,0.661,N,306552
306552,N,0.681,N,306797
306797,N,0.647,N,307030
307030,N,0.656,N,307266
307266,N,0.653,N,307501
307501,N,0.686,N,307748
307748,N,0.683,N,307994
307994,N,0.661,N,308232
308232,N,0.656,N,308468
308468,N,0.672,N,308710
308710,N,0.689,N,308958
308958,N,0.656,N,309194
309194,N,0.667,N,309434
309434,N,0.661,N,309672
309672,N,0.667,N,309912
309912,N,0.653,N,310147
310147,N,0.664,N,310386
310386,N,0.686,N,310633
310633,N,0.664,N,310872
310872,N,0.653,N,311107
311107,N,0.667,N,311347
311347,N,0.697,N,311598
311598,N,0.669,N,311839
311839,N,0.653,N,312074
312074,N,0.653,N,312309
312309,N,0.689,N,312557
312557,N,0.681,N,312802
312802,N,0.669,N,313043
313043,N,0.664,N,313282
313282,N,0.658,N,313519
313519,N,0.669,N,313760
313760,N,0.669,N,314001
314001,N,0.678,N,314245
314245,N,0.661,N,314483
314483,N,0.661,N,314721
314721,N,0.661,N,314959
314959,N,0.672,N,315201
315201,N,0.681,N,315446
315446,N,0.667,N,315686
315686,N,0.672,N,315928
315928,N,0.672,N,316170
316170,N,0.664,N,316409
316409,N,0.683,N,316655
316655,N,0.683,N,316901
316901,N,0.697,N,317152
317152,N,0.664,N,317391
317391,N,0.669,N,317632
317632,N,0.669,N,317873
317873,N,0.703,N,318126
318126,N,0.700,N,318378
318378,N,0.681,N,318623
318623,N,0.664,N,318862
318862,N,0.694,N,319112
319112,N,0.708,N,319367
319367,N,0.692,N,319616
319616,N,0.664,N,319855
319855,N,0.669,N,320096
320096,N,0.694,N,320346
320346,N,0.686,N,320593
320593,N,0.692,N,320842
320842,N,0.686,N,321089
321089,N,0.686,N,321336
321336,N,0.678,N,321580
321580,N,0.700,N,321832
321832,N,0.697,N,322083
322083,N,0.686,N,322330
322330,N,0.686,N,322577
322577,N,0.681,N,322822
322822,N,0.675,N,323065
323065,N,0.681,N,323310
323310,N,0.708,N,323565
323565,N,0.669,N,323806
323806,N,0.675,N,324049
324049,N,0.658,N,324286
324286,N,0.708,N,324541
324541,N,0.686,N,324788
324788,N,0.692,N,325037
325037,N,0.667,N,325277
325277,N,0.683,N,325523
325523,N,0.675,N,325766
325766,N,0.681,N,326011
326011,N,0.683,N,326257
326257,N,0.667,N,326497
326497,N,0.678,N,326741
326741,N,0.689,N,326989
326989,N,0.703,N,327242
327242,N,0.681,N,327487
327487,N,0.656,N,327723
327723,N,0.658,N,327960
327960,N,0.667,N,328200
328200,N,0.683,N,328446
328446,N,0.672,N,328688
328688,N,0.672,N,328930
328930,N,0.683,N,329176
329176,N,0.650,F,329410
329410,F,0.683,N,329656
329656,N,0.681,N,329901
329901,N,0.667,N,330141
330141,N,0.653,N,330376
330376,N,0.658,N,330613
330613,N,0.669,N,330854
330854,N,0.672,N,331096
331096,N,0.664,N,331335
331335,N,0.642,N,331566
331566,N,0.669,N,331807
331807,N,0.636,N,332036
332036,N,0.669,N,332277
332277,N,0.656,N,332513
332513,N,0.667,N,332753
332753,N,0.639,N,332983
332983,N,0.642,N,333214
333214,N,0.419,V,333365
333365,V,0.894,N,333687
333687,N,0.506,V,333869
333869,V,0.333,V,333989
333989,V,0.481,V,334162
334162,V,0.647,N,334395
334395,N,0.653,N,334630
334630,N,0.669,N,334871
334871,N,0.658,N,335108
335108,N,0.686,N,335355
335355,N,0.644,N,335587
335587,N,0.653,N,335822
335822,N,0.656,N,336058
336058,N,0.672,N,336300
336300,N,0.678,N,336544
336544,N,0.656,N,336780
336780,N,0.669,N,337021
337021,N,0.658,N,337258
337258,N,0.689,N,337506
337506,N,0.664,N,337745
337745,N,0.678,N,337989
337989,N,0.669,N,338230
338230,N,0.694,N,338480
338480,N,0.664,F,338719
338719,F,0.678,N,338963
338963,N,0.678,N,339207
339207,N,0.678,N,339451
339451,N,0.664,N,339690
339690,N,0.689,N,339938
339938,N,0.689,F,340186
340186,F,0.664,N,340425
340425,N,0.633,N,340653
340653,N,0.672,N,340895
340895,N,0.681,N,341140
341140,N,0.669,F,341381
341381,F,0.667,N,341621
341621,N,0.653,N,341856
341856,N,0.678,N,342100
342100,N,0.653,N,342335
342335,N,0.683,N,342581
342581,N,0.692,N,342830
342830,N,0.686,N,343077
343077,N,0.656,N,343313
343313,N,0.658,N,343550
343550,N,0.650,N,343784
343784,N,0.686,N,344031
344031,N,0.683,N,344277
344277,N,0.656,N,344513
344513,N,0.650,N,344747
344747,N,0.642,N,344978
344978,N,0.689,N,345226
345226,N,0.661,N,345464
345464,N,0.661,N,345702
345702,N,0.644,N,345934
345934,N,0.647,N,346167
346167,N,0.669,N,346408
346408,N,0.683,N,346654
346654,N,0.681,F,346899
346899,F,0.658,N,347136
347136,N,0.664,N,347375
347375,N,0.661,N,347613
347613,N,0.672,N,347855
347855,N,0.678,N,348099
348099,N,0.675,N,348342
348342,N,0.550,V,348540
348540,V,0.767,N,348816
348816,N,0.650,N,349050
349050,N,0.681,N,349295
349295,N,0.675,N,349538
349538,N,0.650,N,349772
349772,N,0.644,N,350004
350004,N,0.658,N,350241
350241,N,0.692,N,350490
350490,N,0.672,N,350732
350732,N,0.653,F,350967
350967,F,0.661,N,351205
351205,N,0.672,N,351447
351447,N,0.661,N,351685
351685,N,0.672,N,351927
351927,N,0.675,N,352170
352170,N,0.656,F,352406
352406,F,0.644,N,352638
352638,N,0.658,N,352875
352875,N,0.681,N,353120
353120,N,0.661,N,353358
353358,N,0.647,N,353591
353591,N,0.639,F,353821
353821,F,0.664,N,354060
354060,N,0.647,N,354293
354293,N,0.667,N,354533
354533,N,0.664,N,354772
354772,N,0.650,N,355006
355006,N,0.644,N,355238
355238,N,0.661,N,355476
355476,N,0.697,N,355727
355727,N,0.656,N,355963
355963,N,0.653,N,356198
356198,N,0.647,N,356431
356431,N,0.683,N,356677
356677,N,0.650,N,356911
356911,N,0.664,N,357150
357150,N,0.647,N,357383
357383,N,0.661,N,357621
357621,N,0.628,N,357847
357847,N,0.675,N,358090
358090,N,0.669,N,358331
358331,N,0.656,N,358567
358567,N,0.633,N,358795
358795,N,0.647,N,359028
359028,N,0.672,N,359270
359270,N,0.650,N,359504
359504,N,0.658,N,359741
359741,N,0.664,N,359980
359980,N,0.661,N,360218
360218,N,0.636,N,360447
360447,N,0.650,N,360681
360681,N,0.672,N,360923
360923,N,0.642,N,361154
361154,N,0.661,N,361392
361392,N,0.650,N,361626
361626,N,0.653,N,361861
361861,N,0.644,N,362093
362093,N,0.664,N,362332
362332,N,0.683,N,362578
362578,N,0.664,N,362817
362817,N,0.642,N,363048
363048,N,0.667,N,363288
363288,N,0.703,N,363541
363541,N,0.675,N,363784
363784,N,0.656,N,364020
364020,N,0.661,N,364258
364258,N,0.678,N,364502
364502,N,0.689,N,364750
364750,N,0.681,N,364995
364995,N,0.672,N,365237
365237,N,0.672,N,365479
365479,N,0.678,N,365723
365723,N,0.694,N,365973
365973,N,0.689,N,366221
366221,N,0.669,N,366462
366462,N,0.675,N,366705
366705,N,0.683,N,366951
366951,N,0.686,N,367198
367198,N,0.683,N,367444
367444,N,0.697,N,367695
367695,N,0.689,N,367943
367943,N,0.681,N,368188
368188,N,0.683,N,368434
368434,N,0.717,N,368692
368692,N,0.681,N,368937
368937,N,0.683,N,369183
369183,N,0.681,N,369428
369428,N,0.692,N,369677
369677,N,0.672,N,369919
369919,N,0.697,N,370170
370170,N,0.686,N,370417
370417,N,0.686,N,370664
370664,N,0.664,N,370903
370903,N,0.692,N,371152
371152,N,0.711,N,371408
371408,N,0.697,N,371659
371659,N,0.672,N,371901
371901,N,0.692,N,372150
372150,N,0.692,N,372399
372399,N,0.706,N,372653
372653,N,0.714,N,372910
372910,N,0.683,N,373156
373156,N,0.678,N,373400
373400,N,0.708,N,373655
373655,N,0.722,N,373915
373915,N,0.683,N,374161
374161,N,0.675,N,374404
374404,N,0.686,N,374651
374651,N,0.692,N,374900
374900,N,0.686,N,375147
375147,N,0.689,N,375395
375395,N,0.683,N,375641
375641,N,0.678,N,375885
375885,N,0.669,N,376126
376126,N,0.697,N,376377
376377,N,0.689,N,376625
376625,N,0.689,N,376873
376873,N,0.669,N,377114
377114,N,0.681,N,377359
377359,N,0.681,N,377604
377604,N,0.686,N,377851
377851,N,0.689,N,378099
378099,N,0.675,N,378342
378342,N,0.658,N,378579
378579,N,0.692,N,378828
378828,N,0.700,N,379080
379080,N,0.675,N,379323
379323,N,0.658,N,379560
379560,N,0.681,N,379805
379805,N,0.686,N,380052
380052,N,0.689,N,380300
380300,N,0.700,N,380552
380552,N,0.675,N,380795
380795,N,0.692,N,381044
381044,N,0.686,N,381291
381291,N,0.711,N,381547
381547,N,0.694,N,381797
381797,N,0.694,N,382047
382047,N,0.683,N,382293
382293,N,0.697,N,382544
382544,N,0.686,N,382791
382791,N,0.706,N,383045
383045,N,0.706,N,383299
383299,N,0.700,N,383551
383551,N,0.672,N,383793
383793,N,0.714,N,384050
384050,N,0.708,N,384305
384305,N,0.706,N,384559
384559,N,0.683,N,384805
384805,N,0.686,N,385052
385052,N,0.692,N,385301
385301,N,0.703,N,385554
385554,N,0.717,N,385812
385812,N,0.694,N,386062
386062,N,0.675,N,386305
386305,N,0.694,N,386555
386555,N,0.717,N,386813
386813,N,0.697,N,387064
387064,N,0.689,N,387312
387312,N,0.683,N,387558
387558,N,0.700,N,387810
387810,N,0.697,N,388061
388061,N,0.714,N,388318
388318,N,0.700,N,388570
388570,N,0.694,N,388820
388820,N,0.689,N,389068
389068,N,0.725,N,389329
389329,N,0.708,N,389584
389584,N,0.708,N,389839
389839,N,0.689,N,390087
390087,N,0.708,N,390342
390342,N,0.703,N,390595
390595,N,0.714,N,390852
390852,N,0.711,N,391108
391108,N,0.700,N,391360
391360,N,0.683,N,391606
391606,N,0.722,N,391866
391866,N,0.717,N,392124
392124,N,0.697,N,392375
392375,N,0.686,N,392622
392622,N,0.692,N,392871
392871,N,0.703,N,393124
393124,N,0.703,N,393377
393377,N,0.711,N,393633
393633,N,0.689,N,393881
393881,N,0.683,N,394127
394127,N,0.708,N,394382
394382,N,0.722,N,394642
394642,N,0.694,N,394892
394892,N,0.672,N,395134
395134,N,0.694,N,395384
395384,N,0.700,N,395636
395636,N,0.703,N,395889
395889,N,0.700,N,396141
396141,N,0.689,N,396389
396389,N,0.692,N,396638
396638,N,0.686,N,396885
396885,N,0.714,N,397142
397142,N,0.697,N,397393
397393,N,0.692,N,397642
397642,N,0.689,N,397890
397890,N,0.700,N,398142
398142,N,0.683,N,398388
398388,N,0.703,N,398641
398641,N,0.717,N,398899
398899,N,0.700,N,399151
399151,N,0.683,N,399397
399397,N,0.706,N,399651
399651,N,0.717,N,399909
399909,N,0.706,N,400163
400163,N,0.689,N,400411
400411,N,0.689,N,400659
400659,N,0.692,N,400908
400908,N,0.703,N,401161
401161,N,0.717,N,401419
401419,N,0.700,N,401671
401671,N,0.681,N,401916
401916,N,0.708,N,402171
402171,N,0.722,N,402431
402431,N,0.700,N,402683
402683,N,0.686,N,402930
402930,N,0.703,N,403183
403183,N,0.706,N,403437
403437,N,0.714,N,403694
403694,N,0.717,N,403952
403952,N,0.697,N,404203
404203,N,0.694,N,404453
404453,N,0.703,N,404706
404706,N,0.728,N,404968
404968,N,0.706,N,405222
405222,N,0.689,N,405470
405470,N,0.694,N,405720
405720,N,0.703,N,405973
405973,N,0.706,N,406227
406227,N,0.714,N,406484
406484,N,0.706,N,406738
406738,N,0.700,N,406990
406990,N,0.689,N,407238
407238,N,0.742,N,407505
407505,N,0.725,N,407766
407766,N,0.717,N,408024
408024,N,0.692,N,408273
408273,N,0.711,N,408529
408529,N,0.706,N,408783
408783,N,0.719,N,409042
409042,N,0.706,N,409296
409296,N,0.697,N,409547
409547,N,0.692,N,409796
409796,N,0.728,N,410058
410058,N,0.719,N,410317
410317,N,0.714,N,410574
410574,N,0.700,N,410826
410826,N,0.711,N,411082
411082,N,0.708,N,411337
411337,N,0.725,N,411598
411598,N,0.722,N,411858
411858,N,0.711,N,412114
412114,N,0.697,N,412365
412365,N,0.719,N,412624
412624,N,0.725,N,412885
412885,N,0.703,N,413138
413138,N,0.697,N,413389
413389,N,0.694,N,413639
413639,N,0.683,N,413885
413885,N,0.706,N,414139
414139,N,0.708,N,414394
414394,N,0.700,N,414646
414646,N,0.689,N,414894
414894,N,0.708,N,415149
415149,N,0.719,N,415408
415408,N,0.711,N,415664
415664,N,0.686,N,415911
415911,N,0.703,N,416164
416164,N,0.694,N,416414
416414,N,0.714,N,416671
416671,N,0.725,N,416932
416932,N,0.697,N,417183
417183,N,0.692,N,417432
417432,N,0.717,N,417690
417690,N,0.719,N,417949
417949,N,0.706,N,418203
418203,N,0.672,N,418445
418445,N,0.697,N,418696
418696,N,0.703,N,418949
418949,N,0.711,N,419205
419205,N,0.725,N,419466
419466,N,0.700,N,419718
419718,N,0.706,N,419972
419972,N,0.708,N,420227
420227,N,0.747,N,420496
420496,N,0.708,N,420751
420751,N,0.706,N,421005
421005,N,0.697,N,421256
421256,N,0.719,N,421515
421515,N,0.708,N,421770
421770,N,0.728,N,422032
422032,N,0.700,N,422284
422284,N,0.700,N,422536
422536,N,0.694,N,422786
422786,N,0.731,N,423049
423049,N,0.708,N,423304
423304,N,0.706,N,423558
423558,N,0.703,N,423811
423811,N,0.711,N,424067
424067,N,0.714,N,424324
424324,N,0.728,N,424586
424586,N,0.725,N,424847
424847,N,0.717,N,425105
425105,N,0.697,N,425356
425356,N,0.731,N,425619
425619,N,0.714,N,425876
425876,N,0.706,N,426130
426130,N,0.703,N,426383
426383,N,0.697,N,426634
426634,N,0.697,N,426885
426885,N,0.722,N,427145
427145,N,0.708,N,427400
427400,N,0.703,N,427653
427653,N,0.697,N,427904
427904,N,0.725,N,428165
428165,N,0.714,N,428422
428422,N,0.717,N,428680
428680,N,0.700,N,428932
428932,N,0.717,N,429190
429190,N,0.700,N,429442
429442,N,0.722,N,429702
429702,N,0.711,N,429958
429958,N,0.711,N,430214
430214,N,0.692,N,430463
430463,N,0.717,N,430721
430721,N,0.722,N,430981
430981,N,0.706,N,431235
431235,N,0.700,N,431487
431487,N,0.703,N,431740
431740,N,0.706,N,431994
431994,N,0.406,V,432140
432140,V,1.019,N,432507
432507,N,0.506,A,432689
432689,A,0.853,N,432996
432996,N,0.722,N,433256
433256,N,0.739,N,433522
433522,N,0.711,N,433778
433778,N,0.692,N,434027
434027,N,0.697,N,434278
434278,N,0.700,N,434530
434530,N,0.714,N,434787
434787,N,0.717,N,435045
435045,N,0.700,N,435297
435297,N,0.700,N,435549
435549,N,0.706,N,435803
435803,N,0.739,N,436069
436069,N,0.714,N,436326
436326,N,0.700,N,436578
436578,N,0.714,N,436835
436835,N,0.719,N,437094
437094,N,0.722,N,437354
437354,N,0.728,N,437616
437616,N,0.719,N,437875
437875,N,0.714,N,438132
438132,N,0.714,N,438389
438389,N,0.733,N,438653
438653,N,0.719,N,438912
438912,N,0.700,N,439164
439164,N,0.703,N,439417
439417,N,0.719,N,439676
439676,N,0.703,N,439929
439929,N,0.719,N,440188
440188,N,0.703,N,440441
440441,N,0.711,N,440697
440697,N,0.708,N,440952
440952,N,0.731,N,441215
441215,N,0.711,N,441471
441471,N,0.708,N,441726
441726,N,0.708,N,441981
441981,N,0.725,N,442242
442242,N,0.711,N,442498
442498,N,0.719,N,442757
442757,N,0.717,N,443015
443015,N,0.708,N,443270
443270,N,0.711,N,443526
443526,N,0.739,N,443792
443792,N,0.719,N,444051
444051,N,0.708,N,444306
444306,N,0.706,N,444560
444560,N,0.722,N,444820
444820,N,0.719,N,445079
445079,N,0.731,N,445342
445342,N,0.706,N,445596
445596,N,0.703,N,445849
445849,N,0.706,N,446103
446103,N,0.744,N,446371
446371,N,0.711,N,446627
446627,N,0.706,N,446881
446881,N,0.706,N,447135
447135,N,0.719,N,447394
447394,N,0.719,N,447653
447653,N,0.733,N,447917
447917,N,0.711,N,448173
448173,N,0.714,N,448430
448430,N,0.708,N,448685
448685,N,0.750,N,448955
448955,N,0.711,N,449211
449211,N,0.714,N,449468
449468,N,0.711,N,449724
449724,N,0.711,N,449980
449980,N,0.711,N,450236
450236,N,0.739,N,450502
450502,N,0.736,N,450767
450767,N,0.731,N,451030
451030,N,0.728,N,451292
451292,N,0.750,N,451562
451562,N,0.728,N,451824
451824,N,0.725,N,452085
452085,N,0.722,N,452345
452345,N,0.731,N,452608
452608,N,0.733,N,452872
452872,N,0.739,N,453138
453138,N,0.722,N,453398
453398,N,0.722,N,453658
453658,N,0.733,N,453922
453922,N,0.756,N,454194
454194,N,0.728,N,454456
454456,N,0.708,N,454711
454711,N,0.725,N,454972
454972,N,0.736,N,455237
455237,N,0.739,N,455503
455503,N,0.747,N,455772
455772,N,0.725,N,456033
456033,N,0.714,N,456290
456290,N,0.736,N,456555
456555,N,0.739,N,456821
456821,N,0.725,N,457082
457082,N,0.703,N,457335
457335,N,0.719,N,457594
457594,N,0.719,N,457853
457853,N,0.722,N,458113
458113,N,0.739,N,458379
458379,N,0.708,N,458634
458634,N,0.717,N,458892
458892,N,0.728,N,459154
459154,N,0.756,N,459426
459426,N,0.731,N,459689
459689,N,0.731,N,459952
459952,N,0.731,N,460215
460215,N,0.728,N,460477
460477,N,0.744,N,460745
460745,N,0.744,N,461013
461013,N,0.736,N,461278
461278,N,0.711,N,461534
461534,N,0.750,N,461804
461804,N,0.742,N,462071
462071,N,0.744,N,462339
462339,N,0.719,N,462598
462598,N,0.742,N,462865
462865,N,0.725,N,463126
463126,N,0.747,N,463395
463395,N,0.739,N,463661
463661,N,0.739,N,463927
463927,N,0.728,N,464189
464189,N,0.750,N,464459
464459,N,0.733,N,464723
464723,N,0.717,N,464981
464981,N,0.725,N,465242
465242,N,0.725,N,465503
465503,N,0.714,N,465760
465760,N,0.731,N,466023
466023,N,0.711,N,466279
466279,N,0.722,N,466539
466539,N,0.719,N,466798
466798,N,0.742,N,467065
467065,N,0.725,N,467326
467326,N,0.719,N,467585
467585,N,0.728,N,467847
467847,N,0.747,N,468116
468116,N,0.731,N,468379
468379,N,0.742,N,468646
468646,N,0.725,N,468907
468907,N,0.731,N,469170
469170,N,0.725,N,469431
469431,N,0.742,N,469698
469698,N,0.722,N,469958
469958,N,0.706,N,470212
470212,N,0.717,N,470470
470470,N,0.725,N,470731
470731,N,0.725,N,470992
470992,N,0.731,N,471255
471255,N,0.722,N,471515
471515,N,0.714,N,471772
471772,N,0.722,N,472032
472032,N,0.750,N,472302
472302,N,0.717,N,472560
472560,N,0.708,N,472815
472815,N,0.700,N,473067
473067,N,0.728,N,473329
473329,N,0.725,N,473590
473590,N,0.725,N,473851
473851,N,0.711,N,474107
474107,N,0.706,N,474361
474361,N,0.706,N,474615
474615,N,0.742,N,474882
474882,N,0.703,N,475135
475135,N,0.708,N,475390
475390,N,0.708,N,475645
475645,N,0.725,N,475906
475906,N,0.719,N,476165
476165,N,0.719,N,476424
476424,N,0.719,N,476683
476683,N,0.708,N,476938
476938,N,0.714,N,477195
477195,N,0.725,N,477456
477456,N,0.722,N,477716
477716,N,0.703,N,477969
477969,N,0.708,N,478224
478224,N,0.717,N,478482
478482,N,0.706,N,478736
478736,N,0.364,V,478867
478867,V,1.039,N,479241
479241,N,0.714,N,479498
479498,N,0.708,N,479753
479753,N,0.728,N,480015
480015,N,0.714,N,480272
480272,N,0.711,N,480528
480528,N,0.706,N,480782
480782,N,0.731,N,481045
481045,N,0.706,N,481299
481299,N,0.728,N,481561
481561,N,0.711,N,481817
481817,N,0.717,N,482075
482075,N,0.703,N,482328
482328,N,0.742,N,482595
482595,N,0.714,N,482852
482852,N,0.711,N,483108
483108,N,0.700,N,483360
483360,N,0.419,V,483511
483511,V,0.994,N,483869
483869,N,0.725,N,484130
484130,N,0.717,N,484388
484388,N,0.703,N,484641
484641,N,0.708,N,484896
484896,N,0.731,N,485159
485159,N,0.717,N,485417
485417,N,0.706,N,485671
485671,N,0.703,N,485924
485924,N,0.708,N,486179
486179,N,0.703,N,486432
486432,N,0.719,N,486691
486691,N,0.711,N,486947
486947,N,0.711,N,487203
487203,N,0.694,N,487453
487453,N,0.731,N,487716
487716,N,0.719,N,487975
487975,N,0.725,N,488236
488236,N,0.708,N,488491
488491,N,0.728,N,488753
488753,N,0.719,N,489012
489012,N,0.744,N,489280
489280,N,0.731,N,489543
489543,N,0.731,N,489806
489806,N,0.719,N,490065
490065,N,0.744,N,490333
490333,N,0.733,N,490597
490597,N,0.719,N,490856
490856,N,0.714,N,491113
491113,N,0.725,N,491374
491374,N,0.722,N,491634
491634,N,0.725,N,491895
491895,N,0.722,N,492155
492155,N,0.369,V,492288
492288,V,1.047,N,492665
492665,N,0.747,N,492934
492934,N,0.719,N,493193
493193,N,0.703,N,493446
493446,N,0.714,N,493703
493703,N,0.722,N,493963
493963,N,0.719,N,494222
494222,N,0.733,N,494486
494486,N,0.714,N,494743
494743,N,0.717,N,495001
495001,N,0.711,N,495257
495257,N,0.747,N,495526
495526,N,0.717,N,495784
495784,N,0.708,N,496039
496039,N,0.717,N,496297
496297,N,0.722,N,496557
496557,N,0.725,N,496818
496818,N,0.731,N,497081
497081,N,0.719,N,497340
497340,N,0.714,N,497597
497597,N,0.711,N,497853
497853,N,0.747,N,498122
498122,N,0.731,N,498385
498385,N,0.714,N,498642
498642,N,0.708,N,498897
498897,N,0.719,N,499156
499156,N,0.722,N,499416
499416,N,0.733,N,499680
499680,N,0.714,N,499937
499937,N,0.711,N,500193
500193,N,0.706,N,500447
500447,N,0.742,N,500714
500714,N,0.714,N,500971
500971,N,0.719,N,501230
501230,N,0.706,N,501484
501484,N,0.725,N,501745
501745,N,0.722,N,502005
502005,N,0.725,N,502266
502266,N,0.722,N,502526
502526,N,0.714,N,502783
502783,N,0.717,N,503041
503041,N,0.744,N,503309
503309,N,0.722,N,503569
503569,N,0.717,N,503827
503827,N,0.731,N,504090
504090,N,0.736,N,504355
504355,N,0.739,N,504621
504621,N,0.744,N,504889
504889,N,0.739,N,505155
505155,N,0.742,N,505422
505422,N,0.747,N,505691
505691,N,0.758,N,505964
505964,N,0.742,N,506231
506231,N,0.736,N,506496
506496,N,0.742,N,506763
506763,N,0.744,N,507031
507031,N,0.747,N,507300
507300,N,0.764,N,507575
507575,N,0.747,N,507844
507844,N,0.733,N,508108
508108,N,0.753,N,508379
508379,N,0.753,N,508650
508650,N,0.736,N,508915
508915,N,0.722,N,509175
509175,N,0.739,N,509441
509441,N,0.733,N,509705
509705,N,0.739,N,509971
509971,N,0.744,N,510239
510239,N,0.736,N,510504
510504,N,0.725,N,510765
510765,N,0.750,N,511035
511035,N,0.742,N,511302
511302,N,0.725,N,511563
511563,N,0.725,N,511824
511824,N,0.731,N,512087
512087,N,0.719,N,512346
512346,N,0.736,N,512611
512611,N,0.719,N,512870
512870,N,0.719,N,513129
513129,N,0.706,N,513383
513383,N,0.739,N,513649
513649,N,0.714,N,513906
513906,N,0.719,N,514165
514165,N,0.706,N,514419
514419,N,0.492,V,514596
514596,V,0.939,N,514934
514934,N,0.403,V,515079
515079,V,1.050,N,515457
515457,N,0.725,N,515718
515718,N,0.706,N,515972
515972,N,0.733,N,516236
516236,N,0.714,N,516493
516493,N,0.714,N,516750
516750,N,0.697,N,517001
517001,N,0.714,N,517258
517258,N,0.703,N,517511
517511,N,0.725,N,517772
517772,N,0.719,N,518031
518031,N,0.717,N,518289
518289,N,0.719,N,518548
518548,N,0.744,N,518816
518816,N,0.731,N,519079
519079,N,0.731,N,519342
519342,N,0.733,N,519606
519606,N,0.736,N,519871
519871,N,0.736,N,520136
520136,N,0.753,N,520407
520407,N,0.731,N,520670
520670,N,0.725,N,520931
520931,N,0.728,N,521193
521193,N,0.753,N,521464
521464,N,0.731,N,521727
521727,N,0.706,N,521981
521981,N,0.722,N,522241
522241,N,0.719,N,522500
522500,N,0.733,N,522764
522764,N,0.742,N,523031
523031,N,0.728,N,523293
523293,N,0.714,N,523550
523550,N,0.744,N,523818
523818,N,0.758,N,524091
524091,N,0.389,V,524231
524231,V,1.089,N,524623
524623,N,0.733,N,524887
524887,N,0.739,N,525153
525153,N,0.733,N,525417
525417,N,0.764,N,525692
525692,N,0.394,V,525834
525834,V,0.939,V,526172
526172,V,0.536,V,526365
526365,V,0.375,V,526500
526500,V,0.311,V,526612
526612,V,0.269,V,526709
526709,V,0.269,V,526806
526806,V,0.294,V,526912
526912,V,0.314,V,527025
527025,V,0.286,V,527128
527128,V,0.297,V,527235
527235,V,0.269,V,527332
527332,V,0.481,N,527505
527505,N,0.697,V,527756
527756,V,0.656,V,527992
527992,V,0.711,V,528248
528248,V,0.664,V,528487
528487,V,0.689,V,528735
528735,V,0.642,V,528966
528966,V,0.761,V,529240
529240,V,0.792,V,529525
529525,V,0.717,V,529783
529783,V,0.781,V,530064
530064,V,0.722,V,530324
530324,V,0.511,V,530508
530508,V,0.289,V,530612
530612,V,0.792,N,530897
530897,N,0.533,A,531089
531089,A,0.844,N,531393
531393,N,0.658,V,531630
531630,V,0.531,V,531821
531821,V,0.314,V,531934
531934,V,0.700,N,532186
532186,N,0.717,N,532444
532444,N,0.731,N,532707
532707,N,0.736,N,532972
532972,N,0.744,N,533240
533240,N,0.739,N,533506
533506,N,0.739,N,533772
533772,N,0.728,N,534034
534034,N,0.369,V,534167
534167,V,1.122,N,534571
534571,N,0.728,N,534833
534833,N,0.717,N,535091
535091,N,0.736,N,535356
535356,N,0.728,N,535618
535618,N,0.736,N,535883
535883,N,0.722,N,536143
536143,N,0.719,N,536402
536402,N,0.722,N,536662
536662,N,0.756,N,536934
536934,N,0.733,N,537198
537198,N,0.708,N,537453
537453,N,0.722,N,537713
537713,N,0.725,N,537974
537974,N,0.733,N,538238
538238,N,0.725,N,538499
538499,N,0.711,N,538755
538755,N,0.711,N,539011
539011,N,0.711,N,539267
539267,N,0.744,N,539535
539535,N,0.719,N,539794
539794,N,0.708,N,540049
540049,N,0.722,N,540309
540309,N,0.733,N,540573
540573,N,0.736,N,540838
540838,N,0.747,N,541107
541107,N,0.725,N,541368
541368,N,0.739,N,541634
541634,N,0.739,N,541900
541900,N,0.764,N,542175
542175,N,0.739,N,542441
542441,N,0.714,N,542698
542698,N,0.728,N,542960
542960,N,0.725,N,543221
543221,N,0.733,N,543485
543485,N,0.744,N,543753
543753,N,0.719,N,544012
544012,N,0.714,N,544269
544269,N,0.739,N,544535
544535,N,0.750,N,544805
544805,N,0.736,N,545070
545070,N,0.706,N,545324
545324,N,0.725,N,545585
545585,N,0.739,N,545851
545851,N,0.736,N,546116
546116,N,0.753,N,546387
546387,N,0.717,N,546645
546645,N,0.717,N,546903
546903,N,0.739,N,547169
547169,N,0.744,N,547437
547437,N,0.731,N,547700
547700,N,0.711,N,547956
547956,N,0.739,N,548222
548222,N,0.725,N,548483
548483,N,0.756,N,548755
548755,N,0.744,N,549023
549023,N,0.750,N,549293
549293,N,0.722,N,549553
549553,N,0.758,N,549826
549826,N,0.764,N,550101
550101,N,0.742,N,550368
550368,N,0.747,N,550637
550637,N,0.742,N,550904
550904,N,0.744,N,551172
551172,N,0.761,N,551446
551446,N,0.747,N,551715
551715,N,0.742,N,551982
551982,N,0.739,N,552248
552248,N,0.772,N,552526
552526,N,0.753,N,552797
552797,N,0.733,N,553061
553061,N,0.747,N,553330
553330,N,0.742,N,553597
553597,N,0.744,N,553865
553865,N,0.772,N,554143
554143,N,0.739,N,554409
554409,N,0.736,N,554674
554674,N,0.747,N,554943
554943,N,0.742,N,555210
555210,N,0.733,N,555474
555474,N,0.717,N,555732
555732,N,0.728,N,555994
555994,N,0.714,N,556251
556251,N,0.731,N,556514
556514,N,0.722,N,556774
556774,N,0.722,N,557034
557034,N,0.722,N,557294
557294,N,0.742,N,557561
557561,N,0.736,N,557826
557826,N,0.733,N,558090
558090,N,0.733,N,558354
558354,N,0.750,N,558624
558624,N,0.742,N,558891
558891,N,0.753,N,559162
559162,N,0.736,N,559427
559427,N,0.742,N,559694
559694,N,0.728,N,559956
559956,N,0.764,N,560231
560231,N,0.731,N,560494
560494,N,0.722,N,560754
560754,N,0.717,N,561012
561012,N,0.731,N,561275
561275,N,0.731,N,561538
561538,N,0.747,N,561807
561807,N,0.719,N,562066
562066,N,0.719,N,562325
562325,N,0.733,N,562589
562589,N,0.750,N,562859
562859,N,0.739,N,563125
563125,N,0.711,N,563381
563381,N,0.728,N,563643
563643,N,0.731,N,563906
563906,N,0.742,N,564173
564173,N,0.744,N,564441
564441,N,0.731,N,564704
564704,N,0.714,N,564961
564961,N,0.747,N,565230
565230,N,0.742,N,565497
565497,N,0.736,N,565762
565762,N,0.719,N,566021
566021,N,0.736,N,566286
566286,N,0.739,N,566552
566552,N,0.747,N,566821
566821,N,0.750,N,567091
567091,N,0.742,N,567358
567358,N,0.731,N,567621
567621,N,0.761,N,567895
567895,N,0.747,N,568164
568164,N,0.747,N,568433
568433,N,0.733,N,568697
568697,N,0.753,N,568968
568968,N,0.733,N,569232
569232,N,0.747,N,569501
569501,N,0.733,N,569765
569765,N,0.736,N,570030
570030,N,0.722,N,570290
570290,N,0.758,N,570563
570563,N,0.739,N,570829
570829,N,0.714,N,571086
571086,N,0.731,N,571349
571349,N,0.728,N,571611
571611,N,0.747,N,571880
571880,N,0.747,N,572149
572149,N,0.725,N,572410
572410,N,0.725,N,572671
572671,N,0.739,N,572937
572937,N,0.758,N,573210
573210,N,0.733,N,573474
573474,N,0.719,N,573733
573733,N,0.725,N,573994
573994,N,0.736,N,574259
574259,N,0.736,N,574524
574524,N,0.747,N,574793
574793,N,0.733,N,575057
575057,N,0.719,N,575316
575316,N,0.750,N,575586
575586,N,0.756,N,575858
575858,N,0.744,N,576126
576126,N,0.725,N,576387
576387,N,0.744,N,576655
576655,N,0.728,N,576917
576917,N,0.750,N,577187
577187,N,0.747,N,577456
577456,N,0.731,N,577719
577719,N,0.722,N,577979
577979,N,0.744,N,578247
578247,N,0.731,N,578510
578510,N,0.728,N,578772
578772,N,0.725,N,579033
579033,N,0.731,N,579296
579296,N,0.731,N,579559
579559,N,0.733,N,579823
579823,N,0.736,N,580088
580088,N,0.733,N,580352
580352,N,0.728,N,580614
580614,N,0.747,N,580883
580883,N,0.728,N,581145
581145,N,0.728,N,581407
581407,N,0.717,N,581665
581665,N,0.739,N,581931
581931,N,0.719,N,582190
582190,N,0.736,N,582455
582455,N,0.717,N,582713
582713,N,0.722,N,582973
582973,N,0.719,N,583232
583232,N,0.744,N,583500
583500,N,0.725,N,583761
583761,N,0.711,N,584017
584017,N,0.725,N,584278
584278,N,0.733,N,584542
584542,N,0.736,N,584807
584807,N,0.739,N,585073
585073,N,0.725,N,585334
585334,N,0.722,N,585594
585594,N,0.728,N,585856
585856,N,0.753,N,586127
586127,N,0.733,N,586391
586391,N,0.717,N,586649
586649,N,0.725,N,586910
586910,N,0.728,N,587172
587172,N,0.736,N,587437
587437,N,0.753,N,587708
587708,N,0.728,N,587970
587970,N,0.725,N,588231
588231,N,0.747,N,588500
588500,N,0.761,N,588774
588774,N,0.753,N,589045
589045,N,0.728,N,589307
589307,N,0.736,N,589572
589572,N,0.731,N,589835
589835,N,0.742,N,590102
590102,N,0.742,N,590369
590369,N,0.731,N,590632
590632,N,0.711,N,590888
590888,N,0.747,N,591157
591157,N,0.728,N,591419
591419,N,0.728,N,591681
591681,N,0.719,N,591940
591940,N,0.731,N,592203
592203,N,0.736,N,592468
592468,N,0.736,N,592733
592733,N,0.742,N,593000
593000,N,0.736,N,593265
593265,N,0.742,N,593532
593532,N,0.767,N,593808
593808,N,0.742,N,594075
594075,N,0.731,N,594338
594338,N,0.461,V,594504
594504,V,1.014,N,594869
594869,N,0.739,N,595135
595135,N,0.750,N,595405
595405,N,0.722,N,595665
595665,N,0.728,N,595927
595927,N,0.733,N,596191
596191,N,0.761,N,596465
596465,N,0.736,N,596730
596730,N,0.722,N,596990
596990,N,0.742,N,597257
597257,N,0.733,N,597521
597521,N,0.761,N,597795
597795,N,0.747,N,598064
598064,N,0.739,N,598330
598330,N,0.725,N,598591
598591,N,0.753,N,598862
598862,N,0.747,N,599131
599131,N,0.731,N,599394
599394,N,0.717,N,599652
599652,N,0.728,N,599914
599914,N,0.733,N,600178
600178,N,0.742,N,600445
600445,N,0.736,N,600710
600710,N,0.739,N,600976
600976,N,0.731,N,601239
601239,N,0.764,N,601514
601514,N,0.739,N,601780
601780,N,0.742,N,602047
602047,N,0.736,N,602312
602312,N,0.753,N,602583
602583,N,0.747,N,602852
602852,N,0.756,N,603124
603124,N,0.731,N,603387
603387,N,0.728,N,603649
603649,N,0.733,N,603913
603913,N,0.756,N,604185
604185,N,0.739,N,604451
604451,N,0.717,N,604709
604709,N,0.742,N,604976
604976,N,0.731,N,605239
605239,N,0.747,N,605508
605508,N,0.381,V,605645
605645,V,1.092,N,606038
606038,N,0.722,N,606298
606298,N,0.431,V,606453
606453,V,1.042,N,606828
606828,N,0.728,N,607090
607090,N,0.711,N,607346
607346,N,0.714,N,607603
607603,N,0.717,N,607861
607861,N,0.725,N,608122
608122,N,0.489,V,608298
608298,V,0.953,N,608641
608641,N,0.714,N,608898
608898,N,0.736,N,609163
609163,N,0.742,N,609430
609430,N,0.728,N,609692
609692,N,0.711,N,609948
609948,N,0.722,N,610208
610208,N,0.719,N,610467
610467,N,0.742,N,610734
610734,N,0.739,N,611000
611000,N,0.725,N,611261
611261,N,0.708,N,611516
611516,N,0.739,N,611782
611782,N,0.742,N,612049
612049,N,0.731,N,612312
612312,N,0.717,N,612570
612570,N,0.719,N,612829
612829,N,0.722,N,613089
613089,N,0.733,N,613353
613353,N,0.739,N,613619
613619,N,0.731,N,613882
613882,N,0.711,N,614138
614138,N,0.742,N,614405
614405,N,0.736,N,614670
614670,N,0.736,N,614935
614935,N,0.722,N,615195
615195,N,0.719,N,615454
615454,N,0.719,N,615713
615713,N,0.742,N,615980
615980,N,0.389,V,616120
616120,V,1.072,N,616506
616506,N,0.708,N,616761
616761,N,0.742,N,617028
617028,N,0.722,N,617288
617288,N,0.722,N,617548
617548,N,0.711,N,617804
617804,N,0.731,N,618067
618067,N,0.731,N,618330
618330,N,0.731,N,618593
618593,N,0.739,N,618859
618859,N,0.736,N,619124
619124,N,0.739,N,619390
619390,N,0.750,N,619660
619660,N,0.742,N,619927
619927,N,0.728,N,620189
620189,N,0.731,N,620452
620452,N,0.747,N,620721
620721,N,0.733,N,620985
620985,N,0.744,N,621253
621253,N,0.725,N,621514
621514,N,0.733,N,621778
621778,N,0.736,N,622043
622043,N,0.756,N,622315
622315,N,0.742,N,622582
622582,N,0.728,N,622844
622844,N,0.742,N,623111
623111,N,0.736,N,623376
623376,N,0.756,N,623648
623648,N,0.758,N,623921
623921,N,0.742,N,624188
624188,N,0.722,N,624448
624448,N,0.753,N,624719
624719,N,0.753,N,624990
624990,N,0.744,N,625258
625258,N,0.719,N,625517
625517,N,0.736,N,625782
625782,N,0.728,N,626044
626044,N,0.739,N,626310
626310,N,0.736,N,626575
626575,N,0.728,N,626837
626837,N,0.725,N,627098
627098,N,0.758,N,627371
627371,N,0.725,N,627632
627632,N,0.731,N,627895
627895,N,0.719,N,628154
628154,N,0.739,N,628420
628420,N,0.739,N,628686
628686,N,0.739,N,628952
628952,N,0.728,N,629214
629214,N,0.731,N,629477
629477,N,0.733,N,629741
629741,N,0.756,N,630013
630013,N,0.719,N,630272
630272,N,0.719,N,630531
630531,N,0.728,N,630793
630793,N,0.731,N,631056
631056,N,0.739,N,631322
631322,N,0.736,N,631587
631587,N,0.728,N,631849
631849,N,0.722,N,632109
632109,N,0.744,N,632377
632377,N,0.747,N,632646
632646,N,0.731,N,632909
632909,N,0.717,N,633167
633167,N,0.733,N,633431
633431,N,0.725,N,633692
633692,N,0.736,N,633957
633957,N,0.736,N,634222
634222,N,0.719,N,634481
634481,N,0.717,N,634739
634739,N,0.736,N,635004
635004,N,0.744,N,635272
635272,N,0.722,N,635532
635532,N,0.711,N,635788
635788,N,0.728,N,636050
636050,N,0.731,N,636313
636313,N,0.753,N,636584
636584,N,0.733,N,636848
636848,N,0.739,N,637114
637114,N,0.728,N,637376
637376,N,0.758,N,637649
637649,N,0.733,N,637913
637913,N,0.731,N,638176
638176,N,0.717,N,638434
638434,N,0.731,N,638697
638697,N,0.725,N,638958
638958,N,0.736,N,639223
639223,N,0.722,N,639483
639483,N,0.717,N,639741
639741,N,0.722,N,640001
640001,N,0.753,N,640272
640272,N,0.742,N,640539
640539,N,0.731,N,640802
640802,N,0.736,N,641067
641067,N,0.744,N,641335
641335,N,0.756,N,641607
641607,N,0.747,N,641876
641876,N,0.744,N,642144
642144,N,0.733,N,642408
642408,N,0.744,N,642676
642676,N,0.764,N,642951
642951,N,0.736,N,643216
643216,N,0.719,N,643475
643475,N,0.731,N,643738
643738,N,0.733,N,644002
644002,N,0.750,N,644272
644272,N,0.742,N,644539
644539,N,0.739,N,644805
644805,N,0.733,N,645069
645069,N,0.761,N,645343
645343,N,0.758,N,645616
645616,N,0.739,N,645882
645882,N,0.728,N,646144
646144,N,0.744,N,646412
646412,N,0.739,N,646678
646678,N,0.742,N,646945
646945,N,0.736,N,647210
647210,N,0.728,N,647472
647472,N,0.731,N,647735
647735,N,0.756,N,648007
648007,N,0.733,N,648271
648271,N,0.728,N,648533
648533,N,0.728,N,648795
648795,N,0.736,N,649060
649060,N,0.739,N,649326
649326,N,0.750,N,649596
649596,N,0.725,N,649857
